CompteurTemps	Temps	Cx0	Cy0	
1	0	-1.40465	0.0505726	
2	0.05	-0.208708	0.00887803	
3	0.1	-0.12758	-0.227934	
4	0.15	-0.0933804	-0.245604	
5	0.2	-0.0724067	-0.03151	
6	0.25	-0.0691722	-0.00638478	
7	0.3	-0.0671063	-0.00542287	
8	0.35	-0.0653997	-0.0047135	
9	0.4	-0.063413	-0.00554005	
10	0.45	-0.0637346	-0.00467971	
11	0.5	-0.062595	-0.00493579	
12	0.55	-0.0623522	-0.00520352	
13	0.6	-0.0613342	-0.00670775	
14	0.65	-0.0617278	-0.00742955	
15	0.7	-0.060422	-0.00915453	
16	0.75	-0.0606439	-0.0105975	
17	0.8	-0.0598842	-0.0141481	
18	0.85	-0.0594822	-0.0166745	
19	0.9	-0.0591204	-0.0191431	
20	0.95	-0.0591166	-0.0203893	
21	1	-0.058916	-0.0227072	
22	1.05	-0.0583245	-0.0248658	
23	1.1	-0.0585268	-0.0258238	
24	1.15	-0.0583731	-0.0266094	
25	1.2	-0.0583588	-0.0280043	
26	1.25	-0.0580111	-0.0282682	
27	1.3	-0.0577212	-0.0286864	
28	1.35	-0.0576973	-0.0287867	
29	1.4	-0.0575186	-0.0284534	
30	1.45	-0.0572452	-0.0269129	
31	1.5	-0.0575488	-0.0267705	
32	1.55	-0.0577029	-0.0264964	
33	1.6	-0.0576586	-0.0257472	
34	1.65	-0.0573801	-0.025296	
35	1.7	-0.057484	-0.0245465	
36	1.75	-0.0571107	-0.0241856	
37	1.8	-0.0568099	-0.0232965	
38	1.85	-0.0569563	-0.0231977	
39	1.9	-0.0564562	-0.0226863	
40	1.95	-0.057034	-0.0226425	
41	2	-0.0568923	-0.0225606	
42	2.05	-0.0569809	-0.021472	
43	2.1	-0.0573472	-0.0218752	
44	2.15	-0.0571776	-0.0217511	
45	2.2	-0.0563858	-0.0219292	
46	2.25	-0.0569609	-0.0221437	
47	2.3	-0.056958	-0.0218458	
48	2.35	-0.0572684	-0.0222734	
49	2.4	-0.0570926	-0.022107	
50	2.45	-0.0571319	-0.0221682	
51	2.5	-0.0574964	-0.0219235	
52	2.55	-0.0572597	-0.0220679	
53	2.6	-0.0570344	-0.0222674	
54	2.65	-0.0569895	-0.0218174	
55	2.7	-0.0570935	-0.0219422	
56	2.75	-0.0572259	-0.0220981	
57	2.8	-0.0571056	-0.021967	
58	2.85	-0.0570758	-0.0220386	
59	2.9	-0.0573232	-0.022098	
60	2.95	-0.0574449	-0.0221128	
61	3	-0.0573307	-0.0220257	
62	3.05	-0.0572419	-0.0220243	
63	3.1	-0.057287	-0.0219469	
64	3.15	-0.057325	-0.0218901	
65	3.2	-0.0571509	-0.0221169	
66	3.25	-0.0571518	-0.0219276	
67	3.3	-0.0573317	-0.0218652	
68	3.35	-0.057045	-0.0219587	
69	3.4	-0.0573902	-0.0219472	
70	3.45	-0.0570889	-0.0217468	
71	3.5	-0.0571362	-0.0220104	
72	3.55	-0.0571131	-0.0219615	
73	3.6	-0.0571063	-0.0217528	
74	3.65	-0.0569977	-0.0217009	
75	3.7	-0.0570371	-0.0217273	
76	3.75	-0.0566363	-0.0217935	
77	3.8	-0.0570415	-0.0216446	
78	3.85	-0.0568782	-0.0216096	
79	3.9	-0.0564445	-0.0217397	
80	3.95	-0.0568067	-0.0216022	
81	4	-0.0564208	-0.0216058	
82	4.05	-0.0568832	-0.0216746	
83	4.1	-0.056963	-0.0216571	
84	4.15	-0.0569086	-0.0215997	
85	4.2	-0.0567232	-0.0215984	
86	4.25	-0.0573092	-0.0216207	
87	4.3	-0.0570357	-0.0216392	
88	4.35	-0.0568176	-0.0214438	
89	4.4	-0.0569758	-0.0213841	
90	4.45	-0.0573621	-0.0215841	
91	4.5	-0.0573528	-0.0214756	
92	4.55	-0.0572135	-0.0214287	
93	4.6	-0.0574078	-0.0214376	
94	4.65	-0.0572351	-0.0213891	
95	4.7	-0.0569886	-0.0213069	
96	4.75	-0.0569301	-0.0212227	
97	4.8	-0.0570486	-0.0211931	
98	4.85	-0.0569466	-0.021255	
99	4.9	-0.0570682	-0.0211451	
100	4.95	-0.0568585	-0.0211108	
101	5	-0.0569674	-0.0210743	
102	5.05	-0.0571417	-0.021184	
103	5.1	-0.0571433	-0.0211823	
104	5.15	-0.0573265	-0.0211468	
105	5.2	-0.0570113	-0.0211264	
106	5.25	-0.0570661	-0.0210432	
107	5.3	-0.0570051	-0.020981	
108	5.35	-0.0568585	-0.0208944	
109	5.4	-0.0570251	-0.0208753	
110	5.45	-0.0571011	-0.0208883	
111	5.5	-0.0569161	-0.0208974	
112	5.55	-0.0570608	-0.020789	
113	5.6	-0.0571452	-0.0209932	
114	5.65	-0.0571662	-0.0209249	
115	5.7	-0.0570091	-0.0209919	
116	5.75	-0.0571661	-0.0207841	
117	5.8	-0.057061	-0.0208633	
118	5.85	-0.057017	-0.0206854	
119	5.9	-0.0570385	-0.020559	
120	5.95	-0.0571628	-0.0204651	
121	6	-0.0569945	-0.0204947	
122	6.05	-0.0568527	-0.0204309	
123	6.1	-0.0568932	-0.0204081	
124	6.15	-0.0571417	-0.0205805	
125	6.2	-0.057064	-0.0205226	
126	6.25	-0.0569044	-0.0204196	
127	6.3	-0.0570963	-0.0205111	
128	6.35	-0.0570953	-0.020471	
129	6.4	-0.0570794	-0.0202312	
130	6.45	-0.0569073	-0.0202858	
131	6.5	-0.0569431	-0.0203819	
132	6.55	-0.0570672	-0.0203	
133	6.6	-0.0570511	-0.0203369	
134	6.65	-0.0567872	-0.0202483	
135	6.7	-0.0567985	-0.0202899	
136	6.75	-0.0570013	-0.0202565	
137	6.8	-0.0570535	-0.0202689	
138	6.85	-0.0571754	-0.020228	
139	6.9	-0.0570697	-0.0202185	
140	6.95	-0.0571144	-0.0201987	
141	7	-0.056844	-0.0201616	
142	7.05	-0.0570728	-0.0202195	
143	7.1	-0.0568811	-0.0201835	
144	7.15	-0.0567898	-0.0201396	
145	7.2	-0.0568313	-0.0201228	
146	7.25	-0.0566338	-0.0202492	
147	7.3	-0.0565191	-0.0202775	
148	7.35	-0.0568997	-0.0202316	
149	7.4	-0.0568527	-0.0201191	
150	7.45	-0.0569791	-0.0200665	
151	7.5	-0.0568641	-0.0200131	
152	7.55	-0.0568801	-0.0201119	
153	7.6	-0.0570086	-0.0201002	
154	7.65	-0.0567642	-0.0200189	
155	7.7	-0.0566968	-0.020057	
156	7.75	-0.0567613	-0.0200364	
157	7.8	-0.0567681	-0.0200332	
158	7.85	-0.057022	-0.0200934	
159	7.9	-0.0568407	-0.0199974	
160	7.95	-0.056864	-0.019984	
161	8	-0.0567686	-0.0199038	
162	8.05	-0.0568125	-0.0199883	
163	8.1	-0.0565479	-0.0199373	
164	8.15	-0.0567602	-0.0199554	
165	8.2	-0.0568044	-0.0200255	
166	8.25	-0.0566847	-0.0199968	
167	8.3	-0.0566655	-0.0199459	
168	8.35	-0.0569069	-0.0200409	
169	8.4	-0.0566703	-0.0200395	
170	8.45	-0.0568962	-0.0198131	
171	8.5	-0.0564409	-0.0198031	
172	8.55	-0.0566807	-0.0197582	
173	8.6	-0.0567542	-0.0199387	
174	8.65	-0.0569393	-0.0198744	
175	8.7	-0.056741	-0.0199092	
176	8.75	-0.0565281	-0.0199165	
177	8.8	-0.0567784	-0.0199462	
178	8.85	-0.056768	-0.0199245	
179	8.9	-0.0563324	-0.0197568	
180	8.95	-0.0567889	-0.0198085	
181	9	-0.0566663	-0.0198681	
182	9.05	-0.0568589	-0.0199502	
183	9.1	-0.0568728	-0.019928	
184	9.15	-0.0570908	-0.019804	
185	9.2	-0.0566793	-0.0198116	
186	9.25	-0.0568165	-0.0197105	
187	9.3	-0.0567105	-0.0199667	
188	9.35	-0.0569082	-0.020014	
189	9.4	-0.0567242	-0.0199849	
190	9.45	-0.0567371	-0.019948	
191	9.5	-0.057138	-0.0199332	
192	9.55	-0.0571026	-0.0199163	
193	9.6	-0.0569499	-0.0196125	
194	9.65	-0.0568189	-0.0198659	
195	9.7	-0.0566818	-0.0198503	
196	9.75	-0.0570443	-0.0198783	
197	9.8	-0.0571954	-0.019926	
198	9.85	-0.057151	-0.0199707	
199	9.9	-0.056935	-0.0199665	
200	9.95	-0.0569243	-0.0199358	
201	10	-0.057018	-0.0198898	
202	10.05	-0.05694	-0.0198862	
203	10.1	-0.0571713	-0.0199413	
204	10.15	-0.0570088	-0.0199331	
205	10.2	-0.056836	-0.0198894	
206	10.25	-0.0568409	-0.0198614	
207	10.3	-0.056937	-0.0198468	
208	10.35	-0.0567656	-0.019845	
209	10.4	-0.0568228	-0.0197398	
210	10.45	-0.0569451	-0.0197692	
211	10.5	-0.0570164	-0.0198095	
212	10.55	-0.0567006	-0.0197627	
213	10.6	-0.0570278	-0.0198139	
214	10.65	-0.056981	-0.0197948	
215	10.7	-0.0569206	-0.019731	
216	10.75	-0.0569604	-0.0196774	
217	10.8	-0.0569084	-0.0197877	
218	10.85	-0.0569929	-0.019821	
219	10.9	-0.0568972	-0.0197	
220	10.95	-0.0567356	-0.0194938	
221	11	-0.0569829	-0.0196318	
222	11.05	-0.0565264	-0.0196964	
223	11.1	-0.0569526	-0.0199326	
224	11.15	-0.0569294	-0.0198802	
225	11.2	-0.056744	-0.0198319	
226	11.25	-0.056928	-0.0198631	
227	11.3	-0.0570548	-0.019872	
228	11.35	-0.0570025	-0.0198396	
229	11.4	-0.0567757	-0.0198614	
230	11.45	-0.0569972	-0.0198628	
231	11.5	-0.0566975	-0.0197748	
232	11.55	-0.0569721	-0.0198284	
233	11.6	-0.0569921	-0.0197949	
234	11.65	-0.0568995	-0.019797	
235	11.7	-0.0569002	-0.0199521	
236	11.75	-0.0569051	-0.0198625	
237	11.8	-0.057121	-0.0198039	
238	11.85	-0.0569559	-0.0198192	
239	11.9	-0.0570038	-0.0197608	
240	11.95	-0.0570283	-0.0198049	
241	12	-0.057022	-0.0198112	
242	12.05	-0.0569179	-0.0197882	
243	12.1	-0.0569977	-0.0197673	
244	12.15	-0.0567025	-0.0197367	
245	12.2	-0.0569143	-0.0197357	
246	12.25	-0.0568923	-0.0197639	
247	12.3	-0.057025	-0.0197513	
248	12.35	-0.0567909	-0.0197587	
249	12.4	-0.0568497	-0.0197476	
250	12.45	-0.0569825	-0.0197451	
251	12.5	-0.0570405	-0.0199167	
252	12.55	-0.0570562	-0.0198297	
253	12.6	-0.0568826	-0.0198307	
254	12.65	-0.0569866	-0.0198026	
255	12.7	-0.0570486	-0.0197491	
256	12.75	-0.0571151	-0.0198359	
257	12.8	-0.0570307	-0.01981	
258	12.85	-0.056781	-0.0196912	
259	12.9	-0.0568311	-0.0198521	
260	12.95	-0.0567269	-0.0197315	
261	13	-0.0569741	-0.0197864	
262	13.05	-0.0568243	-0.0197182	
263	13.1	-0.0569568	-0.019734	
264	13.15	-0.0569478	-0.0198847	
265	13.2	-0.0570154	-0.0196828	
266	13.25	-0.0566167	-0.0196552	
267	13.3	-0.0568168	-0.0196663	
268	13.35	-0.0565855	-0.0196566	
269	13.4	-0.0567498	-0.0197666	
270	13.45	-0.056927	-0.0196598	
271	13.5	-0.0568807	-0.0196723	
272	13.55	-0.056874	-0.0196537	
273	13.6	-0.0571336	-0.019593	
274	13.65	-0.0568886	-0.0197355	
275	13.7	-0.0565257	-0.01974	
276	13.75	-0.0570217	-0.0197283	
277	13.8	-0.0570179	-0.0197936	
278	13.85	-0.056763	-0.0196467	
279	13.9	-0.0567595	-0.0196416	
280	13.95	-0.0566899	-0.0197019	
281	14	-0.0568862	-0.0196207	
282	14.05	-0.0570357	-0.0197918	
283	14.1	-0.0569183	-0.0197268	
284	14.15	-0.0568295	-0.0196835	
285	14.2	-0.0568668	-0.0197434	
286	14.25	-0.056745	-0.0196495	
287	14.3	-0.0569271	-0.0200212	
288	14.35	-0.0568405	-0.0201004	
289	14.4	-0.0568006	-0.0200443	
290	14.45	-0.0569155	-0.0199928	
291	14.5	-0.0566824	-0.0199322	
292	14.55	-0.0567637	-0.0197872	
293	14.6	-0.0569653	-0.0198807	
294	14.65	-0.0568547	-0.0197235	
295	14.7	-0.0568327	-0.0198535	
296	14.75	-0.0566801	-0.019685	
297	14.8	-0.0567362	-0.0195481	
298	14.85	-0.0567189	-0.0196318	
299	14.9	-0.056835	-0.0195965	
300	14.95	-0.0568901	-0.0195953	
301	15	-0.0569924	-0.0198214	
302	15.05	-0.0570367	-0.0198651	
303	15.1	-0.056842	-0.0197013	
304	15.15	-0.0569779	-0.0196799	
305	15.2	-0.057048	-0.0197006	
306	15.25	-0.0569832	-0.0198601	
307	15.3	-0.057149	-0.0199308	
308	15.35	-0.056716	-0.0197008	
309	15.4	-0.0568412	-0.0197074	
310	15.45	-0.0570821	-0.0197235	
311	15.5	-0.0569662	-0.0201113	
312	15.55	-0.0566631	-0.0198625	
313	15.6	-0.0570737	-0.019935	
314	15.65	-0.0570446	-0.0198784	
315	15.7	-0.0570257	-0.0200736	
316	15.75	-0.0570814	-0.0198975	
317	15.8	-0.0571233	-0.0200194	
318	15.85	-0.0566371	-0.019888	
319	15.9	-0.0562364	-0.0196993	
320	15.95	-0.0568445	-0.0200921	
321	16	-0.0567905	-0.0199632	
322	16.05	-0.0568766	-0.0198475	
323	16.1	-0.0568057	-0.0197835	
324	16.15	-0.0569778	-0.0197749	
325	16.2	-0.0566816	-0.0198001	
326	16.25	-0.0565531	-0.0197327	
327	16.3	-0.0569558	-0.0198058	
328	16.35	-0.0564422	-0.0195893	
329	16.4	-0.0567245	-0.0197191	
330	16.45	-0.0570187	-0.0197926	
331	16.5	-0.0568097	-0.0198261	
332	16.55	-0.0568628	-0.0198689	
333	16.6	-0.0567886	-0.0198014	
334	16.65	-0.0564975	-0.0197245	
335	16.7	-0.0570774	-0.0197962	
336	16.75	-0.0570784	-0.0198765	
337	16.8	-0.0567261	-0.0198354	
338	16.85	-0.0568125	-0.0198367	
339	16.9	-0.0566795	-0.0199043	
340	16.95	-0.0566628	-0.0199192	
341	17	-0.0570902	-0.0198803	
342	17.05	-0.0568532	-0.019858	
343	17.1	-0.056998	-0.0198602	
344	17.15	-0.0567678	-0.0198571	
345	17.2	-0.0568007	-0.0198187	
346	17.25	-0.0568782	-0.0198494	
347	17.3	-0.0570394	-0.0199143	
348	17.35	-0.0569215	-0.0198596	
349	17.4	-0.0568356	-0.019806	
350	17.45	-0.0569773	-0.019774	
351	17.5	-0.0569751	-0.0198357	
352	17.55	-0.0570759	-0.0198226	
353	17.6	-0.0569121	-0.0198211	
354	17.65	-0.0568973	-0.0198113	
355	17.7	-0.0567977	-0.0199441	
356	17.75	-0.0569713	-0.0199565	
357	17.8	-0.0567337	-0.0198741	
358	17.85	-0.0567283	-0.0197199	
359	17.9	-0.0566413	-0.0199242	
360	17.95	-0.0569028	-0.0199421	
361	18	-0.05684	-0.0198518	
362	18.05	-0.0568692	-0.0199822	
363	18.1	-0.0568484	-0.0201593	
364	18.15	-0.0569923	-0.0200261	
365	18.2	-0.0570165	-0.0205732	
366	18.25	-0.0568639	-0.0202945	
367	18.3	-0.057072	-0.0202418	
368	18.35	-0.0569963	-0.0201737	
369	18.4	-0.0568862	-0.0201737	
370	18.45	-0.057058	-0.0201863	
371	18.5	-0.0569988	-0.0206878	
372	18.55	-0.0569636	-0.0202284	
373	18.6	-0.0568431	-0.0201817	
374	18.65	-0.0570735	-0.0201183	
375	18.7	-0.0570784	-0.0200523	
376	18.75	-0.0571018	-0.0200155	
377	18.8	-0.0569836	-0.0197488	
378	18.85	-0.0569398	-0.0199562	
379	18.9	-0.0569382	-0.0197609	
380	18.95	-0.0569062	-0.0198077	
381	19	-0.0569286	-0.0200332	
382	19.05	-0.0568944	-0.0200529	
383	19.1	-0.0569637	-0.0200893	
384	19.15	-0.0565801	-0.019852	
385	19.2	-0.0567217	-0.0201274	
386	19.25	-0.0562361	-0.0201274	
387	19.3	-0.056267	-0.0200429	
388	19.35	-0.0562019	-0.0202036	
389	19.4	-0.0567544	-0.0201821	
390	19.45	-0.0565355	-0.0200147	
391	19.5	-0.0569359	-0.0199849	
392	19.55	-0.0567348	-0.0200901	
393	19.6	-0.056823	-0.0200677	
394	19.65	-0.0570096	-0.0201439	
395	19.7	-0.0563769	-0.0200423	
396	19.75	-0.056699	-0.020031	
397	19.8	-0.0568987	-0.0199713	
398	19.85	-0.0570876	-0.0201	
399	19.9	-0.0569053	-0.0200932	
400	19.95	-0.0568793	-0.0200846	
401	20	-0.0570341	-0.0200991	
402	20.05	-0.0568478	-0.0200556	
403	20.1	-0.0569631	-0.0200408	
404	20.15	-0.0570882	-0.0201052	
405	20.2	-0.0568434	-0.0200576	
406	20.25	-0.0570808	-0.020045	
407	20.3	-0.05699	-0.0200143	
408	20.35	-0.0571363	-0.0200954	
409	20.4	-0.0571099	-0.020083	
410	20.45	-0.0569082	-0.0201416	
411	20.5	-0.0565689	-0.0200024	
412	20.55	-0.0566577	-0.0200303	
413	20.6	-0.0567748	-0.0199924	
414	20.65	-0.0566924	-0.0196631	
415	20.7	-0.0562697	-0.0198317	
416	20.75	-0.0566371	-0.0201701	
417	20.8	-0.0570771	-0.0202201	
418	20.85	-0.056498	-0.0201249	
419	20.9	-0.0569305	-0.0201413	
420	20.95	-0.056621	-0.0201016	
421	21	-0.0563436	-0.02006	
422	21.05	-0.0567196	-0.0201303	
423	21.1	-0.0569959	-0.0202647	
424	21.15	-0.0567397	-0.0201608	
425	21.2	-0.0565674	-0.0201108	
426	21.25	-0.0567474	-0.0202454	
427	21.3	-0.0566845	-0.020197	
428	21.35	-0.056979	-0.0201763	
429	21.4	-0.0567472	-0.0201501	
430	21.45	-0.0568966	-0.0202694	
431	21.5	-0.0567204	-0.0202123	
432	21.55	-0.0566187	-0.0201989	
433	21.6	-0.0567819	-0.0201918	
434	21.65	-0.0568587	-0.0202718	
435	21.7	-0.0567499	-0.0201999	
436	21.75	-0.0568884	-0.0201753	
437	21.8	-0.0570744	-0.0202147	
438	21.85	-0.0565201	-0.0201992	
439	21.9	-0.0568753	-0.0201713	
440	21.95	-0.0568779	-0.0202237	
441	22	-0.0568578	-0.0201886	
442	22.05	-0.0567346	-0.0202527	
443	22.1	-0.0564901	-0.0203476	
444	22.15	-0.0568235	-0.0204092	
445	22.2	-0.0567784	-0.0204162	
446	22.25	-0.0568225	-0.0204461	
447	22.3	-0.0570051	-0.0204133	
448	22.35	-0.0570834	-0.0203702	
449	22.4	-0.0569549	-0.0203395	
450	22.45	-0.0569839	-0.020351	
